0 647
1 75
2 62
3 39
4 26
5 17
6 14
7 8
8 7
9 10
10 6
11 4
12 3
13 2
14 4
15 4
16 1
17 2
18 3
19 3
20 5
21 1
22 1
23 4
24 0
25 2
26 3
27 2
28 2
29 0
30 0
31 2
32 1
33 1
34 0
35 3
36 0
37 1
38 0
39 4
40 1
41 0
42 1
43 2
44 0
45 1
46 0
47 0
48 1
49 3
50 0
51 3
52 2
53 3
54 0
55 3
56 1
57 0
58 4
59 0
60 1
61 1
62 1
63 1
64 1
65 0
66 1
67 0
68 1
69 0
70 1
71 1
72 0
73 1
74 0
75 0
76 0
77 1
78 0
79 0
80 0
81 1
82 0
83 0
84 0
85 0
86 0
87 0
88 0
89 1
90 0
91 2
92 1
93 0
94 0
95 0
96 1
97 0
98 0
99 0
100 1
101 0
102 1
103 0
104 1
105 1
106 0
107 0
108 0
109 0
110 0
111 0
112 0
113 0
114 1
115 0
116 0
117 0
118 1
119 0
120 0
121 0
122 0
123 0
124 0
125 0
126 1
127 0
128 0
129 0
130 0
131 0
132 0
133 0
134 0
135 1
136 0
137 0
138 0
139 0
140 1
141 0
142 2
143 0
144 0
145 2
146 0
147 0
148 1
149 0
150 0
151 0
152 0
153 0
154 0
155 1
156 0
157 0
158 0
159 0
160 0
161 1
162 0
163 0
164 0
165 0
166 0
167 0
168 0
169 0
170 0
171 0
172 0
173 0
174 0
175 0
176 0
177 0
178 1
